
#my using different different itretor to multiple two in Array value 

#array = [2,4,6,7,8,9,10,11,12,13,14,100,200]

# output
 							    	      		 user     system      total        real
each		   [4, 8, 12, 14, 16, 18, 20, 22, 24, 26, 28, 200, 400] 	0.000025   0.000016   0.000041 (  0.000037)
each_with_index   [4, 8, 12, 14, 16, 18, 20, 22, 24, 26, 28, 200, 400]   	0.000010   0.000006   0.000016 (  0.000016)
each_with_object  [4, 8, 12, 14, 16, 18, 20, 22, 24, 26, 28, 200, 400]  	0.000026   0.000017   0.000043 (  0.000042)
map	      	   [4, 8, 12, 14, 16, 18, 20, 22, 24, 26, 28, 200, 400]	0.000007   0.000005   0.000012 (  0.000011)
find		   [4] 						        0.000005   0.000003   0.000008 (  0.000008)
find_all	   [4, 8, 12, 14, 16, 18, 20, 22, 24, 26, 28, 200, 400] 	0.000021   0.000013   0.000034 (  0.000034)
select		   [4, 8, 12, 14, 16, 18, 20, 22, 24, 26, 28, 200, 400]  	0.000007   0.000004   0.000011 (  0.000010)
for		   [0, 2, 4, 6, 8, 10, 12, 14, 16, 18, 20, 22, 24]       	0.000027   0.000017   0.000044 (  0.000045)
while		   [2, 4, 6, 8, 10, 12, 14, 16, 18, 20, 22, 24]  		0.000006   0.000004   0.000010 (  0.000010)
until		   [2, 4, 6, 8, 10, 12, 14, 16, 18, 20, 22, 24] 		0.000006   0.000004   0.000010 (  0.000010)

#use unless and include to find array element  

unless==> Found the element in the array 				 	0.000003   0.000002   0.000005 (  0.000006)
include==> Found the element in the array			 	 	0.000006   0.000004   0.000010 (  0.000005)

